[0, 2, 4, 6, 7] : 0.33004483580589294
[0, 1, 4, 5, 9] : 0.347533643245697
[3, 4, 5, 8, 9] : 0.36793720722198486
[0, 1, 2, 4, 8] : 0.3816143572330475
[0, 1, 3, 6, 7] : 0.38721972703933716
[1, 4, 6, 7, 9] : 0.390807181596756
[0, 1, 3, 8, 9] : 0.39215245842933655
[0, 2, 4, 5, 7] : 0.3934977650642395
[0, 3, 6, 8, 9] : 0.3966367840766907
[0, 1, 3, 4, 9] : 0.39887893199920654
[3, 4, 6, 7, 8] : 0.40560537576675415
[2, 3, 4, 8, 9] : 0.4100896716117859
[0, 4, 5, 7, 9] : 0.41233184933662415
[3, 4, 6, 7, 9] : 0.41300448775291443
[2, 3, 5, 6, 7] : 0.41322869062423706
[1, 2, 5, 6, 7] : 0.41569507122039795
[0, 2, 5, 8, 9] : 0.4177130162715912
[0, 2, 4, 8, 9] : 0.4186098575592041
[0, 3, 4, 6, 9] : 0.4201793670654297
[2, 3, 4, 5, 8] : 0.4204035997390747
[0, 2, 3, 5, 7] : 0.4230941832065582
[2, 3, 6, 8, 9] : 0.42556053400039673
[1, 2, 3, 4, 7] : 0.42645740509033203
[1, 2, 3, 4, 9] : 0.42914798855781555
[1, 5, 6, 7, 8] : 0.4302690625190735
[2, 3, 6, 7, 8] : 0.4302690625190735
[0, 4, 5, 8, 9] : 0.4313901364803314
[0, 1, 2, 5, 9] : 0.43340808153152466
[1, 3, 4, 8, 9] : 0.43408071994781494
[2, 3, 4, 5, 6] : 0.4352017939090729
[1, 3, 4, 5, 8] : 0.43654707074165344
[0, 4, 5, 6, 7] : 0.439461886882782
[0, 2, 4, 7, 9] : 0.4396860897541046
[1, 2, 3, 6, 8] : 0.4396860897541046
[0, 2, 3, 5, 6] : 0.4405829608440399
[0, 2, 3, 7, 8] : 0.4437219798564911
[0, 1, 3, 7, 9] : 0.44506725668907166
[1, 2, 4, 6, 7] : 0.44506725668907166
[2, 4, 5, 7, 8] : 0.44686099886894226
[1, 3, 4, 5, 7] : 0.4470852017402649
[2, 3, 4, 5, 7] : 0.4470852017402649
[0, 1, 4, 8, 9] : 0.4473094046115875
[0, 1, 7, 8, 9] : 0.4479820728302002
[0, 2, 3, 5, 9] : 0.4486547112464905
[0, 1, 4, 6, 8] : 0.4495515823364258
[1, 2, 3, 4, 5] : 0.4506726562976837
[4, 5, 6, 7, 8] : 0.451345294713974
[0, 3, 4, 5, 7] : 0.45156949758529663
[0, 3, 5, 7, 9] : 0.45156949758529663
[0, 6, 7, 8, 9] : 0.4522421658039093
[2, 3, 5, 8, 9] : 0.4522421658039093
[1, 3, 4, 6, 8] : 0.45246636867523193
[2, 3, 4, 7, 9] : 0.45246636867523193
[0, 1, 3, 4, 8] : 0.4531390070915222
[0, 1, 4, 5, 8] : 0.45448431372642517
[3, 5, 6, 7, 9] : 0.45448431372642517
[0, 2, 4, 5, 8] : 0.4549327492713928
[0, 2, 5, 6, 8] : 0.45515695214271545
[1, 4, 5, 8, 9] : 0.45515695214271545
[0, 3, 4, 5, 8] : 0.4556053876876831
[1, 3, 5, 6, 9] : 0.45605382323265076
[2, 5, 6, 7, 9] : 0.4562780261039734
[0, 2, 7, 8, 9] : 0.45672646164894104
[1, 2, 4, 5, 9] : 0.45672646164894104
[1, 5, 7, 8, 9] : 0.45695066452026367
[5, 6, 7, 8, 9] : 0.4571748971939087
[3, 5, 7, 8, 9] : 0.4582959711551666
[0, 2, 6, 8, 9] : 0.45852017402648926
[0, 1, 4, 7, 9] : 0.4589686095714569
[1, 4, 7, 8, 9] : 0.46008968353271484
[0, 2, 3, 6, 7] : 0.4607623219490051
[0, 1, 2, 5, 8] : 0.46278026700019836
[1, 2, 6, 7, 9] : 0.463228702545166
[0, 1, 3, 6, 9] : 0.46367713809013367
[1, 2, 4, 6, 8] : 0.4641255736351013
[0, 2, 4, 6, 9] : 0.46434977650642395
[0, 1, 3, 4, 7] : 0.4647982120513916
[1, 2, 3, 5, 7] : 0.4647982120513916
[2, 6, 7, 8, 9] : 0.4647982120513916
[0, 1, 3, 6, 8] : 0.46502241492271423
[0, 1, 6, 7, 9] : 0.46502241492271423
[1, 2, 4, 5, 7] : 0.46502241492271423
[0, 2, 3, 6, 9] : 0.4654708504676819
[0, 1, 2, 3, 5] : 0.46591928601264954
[2, 4, 5, 7, 9] : 0.46614348888397217
[0, 5, 6, 8, 9] : 0.46704035997390747
[3, 4, 5, 7, 8] : 0.46704035997390747
[1, 3, 5, 7, 8] : 0.4674887955188751
[0, 3, 4, 7, 9] : 0.4679372310638428
[0, 3, 5, 8, 9] : 0.46860986948013306
[1, 3, 5, 6, 8] : 0.4690583050251007
[1, 2, 6, 8, 9] : 0.469730943441391
[0, 1, 5, 7, 8] : 0.4699551463127136
[0, 2, 5, 6, 9] : 0.47017937898635864
[1, 2, 4, 8, 9] : 0.4704035818576813
[2, 4, 6, 8, 9] : 0.4715246558189392
[2, 3, 5, 6, 9] : 0.47174888849258423
[0, 2, 4, 5, 6] : 0.4724215269088745
[3, 4, 5, 6, 8] : 0.4730941653251648
[0, 1, 2, 6, 8] : 0.4733183979988098
[0, 1, 5, 8, 9] : 0.47354260087013245
[0, 1, 2, 3, 4] : 0.4737668037414551
[3, 4, 5, 7, 9] : 0.47421523928642273
[0, 4, 5, 7, 8] : 0.474887877702713
[1, 2, 5, 6, 9] : 0.47511211037635803
[1, 3, 4, 5, 9] : 0.47511211037635803
[2, 3, 4, 6, 8] : 0.47511211037635803
[4, 5, 6, 7, 9] : 0.47533631324768066
[2, 3, 4, 6, 7] : 0.4755605459213257
[0, 3, 6, 7, 9] : 0.4757847487926483
[0, 2, 3, 4, 5] : 0.47600898146629333
[0, 2, 3, 5, 8] : 0.4764573872089386
[0, 1, 2, 4, 6] : 0.47690582275390625
[3, 4, 5, 6, 7] : 0.4773542582988739
[0, 2, 4, 7, 8] : 0.47780269384384155
[1, 2, 5, 6, 8] : 0.4780268967151642
[2, 3, 4, 5, 9] : 0.47847533226013184
[3, 5, 6, 8, 9] : 0.47847533226013184
[1, 3, 4, 5, 6] : 0.47869956493377686
[2, 5, 6, 7, 8] : 0.4789237678050995
[2, 5, 7, 8, 9] : 0.4789237678050995
[0, 2, 3, 4, 8] : 0.4791479706764221
[0, 1, 5, 6, 8] : 0.47937220335006714
[0, 5, 6, 7, 8] : 0.47937220335006714
[1, 4, 5, 7, 8] : 0.47937220335006714
[1, 2, 4, 7, 9] : 0.4800448417663574
[1, 2, 4, 6, 9] : 0.48026904463768005
[0, 4, 5, 6, 9] : 0.4804932773113251
[1, 3, 5, 6, 7] : 0.4804932773113251
[0, 2, 3, 4, 7] : 0.4807174801826477
[2, 4, 5, 6, 9] : 0.48116591572761536
[0, 1, 2, 3, 8] : 0.4813901484012604
[1, 2, 3, 7, 9] : 0.4813901484012604
[3, 6, 7, 8, 9] : 0.4813901484012604
[1, 2, 5, 7, 9] : 0.481614351272583
[2, 3, 4, 6, 9] : 0.4822869896888733
[0, 1, 4, 6, 9] : 0.4825112223625183
[0, 3, 4, 8, 9] : 0.4825112223625183
[1, 5, 6, 7, 9] : 0.4825112223625183
[2, 4, 5, 8, 9] : 0.4825112223625183
[0, 2, 3, 4, 6] : 0.48273542523384094
[0, 2, 6, 7, 8] : 0.48273542523384094
[0, 5, 6, 7, 9] : 0.4829596281051636
[1, 2, 3, 8, 9] : 0.4829596281051636
[2, 3, 5, 7, 8] : 0.4829596281051636
[0, 3, 5, 6, 9] : 0.4831838607788086
[0, 2, 5, 6, 7] : 0.4834080636501312
[1, 6, 7, 8, 9] : 0.48363229632377625
[3, 4, 6, 8, 9] : 0.48363229632377625
[0, 1, 2, 3, 9] : 0.4840807318687439
[0, 3, 5, 6, 8] : 0.48430493474006653
[1, 2, 3, 6, 9] : 0.4847533702850342
[0, 3, 5, 6, 7] : 0.4849775731563568
[1, 2, 6, 7, 8] : 0.48520180583000183
[1, 3, 4, 6, 7] : 0.48520180583000183
[1, 2, 5, 7, 8] : 0.48542600870132446
[0, 1, 2, 7, 8] : 0.4856502115726471
[0, 3, 4, 6, 8] : 0.4856502115726471
[1, 3, 5, 7, 9] : 0.4856502115726471
[1, 3, 4, 7, 8] : 0.48609864711761475
[1, 3, 4, 6, 9] : 0.48632287979125977
[2, 3, 7, 8, 9] : 0.48632287979125977
[0, 2, 4, 5, 9] : 0.4867713153362274
[4, 6, 7, 8, 9] : 0.4867713153362274
[0, 4, 6, 7, 8] : 0.4874439537525177
[1, 4, 6, 8, 9] : 0.488116592168808
[2, 4, 6, 7, 8] : 0.488116592168808
[0, 1, 2, 5, 7] : 0.4883407950401306
[0, 4, 7, 8, 9] : 0.48856502771377563
[0, 3, 7, 8, 9] : 0.48878923058509827
[0, 1, 2, 7, 9] : 0.4892376661300659
[1, 2, 7, 8, 9] : 0.4892376661300659
[0, 1, 4, 5, 7] : 0.48946186900138855
[1, 2, 3, 5, 9] : 0.48968610167503357
[0, 3, 4, 6, 7] : 0.4901345372200012
[1, 3, 6, 8, 9] : 0.4908071756362915
[0, 1, 3, 5, 9] : 0.4923766851425171
[2, 5, 6, 8, 9] : 0.4926008880138397
[0, 1, 5, 7, 9] : 0.49282512068748474
[0, 2, 6, 7, 9] : 0.49282512068748474
[1, 4, 5, 6, 9] : 0.4932735562324524
[0, 1, 2, 4, 5] : 0.49372196197509766
[0, 2, 3, 7, 9] : 0.49372196197509766
[2, 3, 4, 7, 8] : 0.49372196197509766
[0, 1, 3, 5, 7] : 0.4939461946487427
[0, 1, 6, 7, 8] : 0.4939461946487427
[2, 4, 5, 6, 8] : 0.4941703975200653
[0, 2, 5, 7, 9] : 0.4943946301937103
[0, 1, 2, 4, 7] : 0.49461883306503296
[0, 1, 5, 6, 7] : 0.49461883306503296
[0, 1, 3, 4, 5] : 0.49529147148132324
[0, 2, 3, 8, 9] : 0.49618834257125854
[0, 2, 4, 6, 8] : 0.4966367781162262
[1, 2, 3, 4, 6] : 0.4966367781162262
[1, 4, 5, 6, 8] : 0.4966367781162262
[0, 4, 6, 8, 9] : 0.4973094165325165
[0, 2, 3, 6, 8] : 0.4975336194038391
[1, 3, 4, 7, 9] : 0.4975336194038391
[0, 1, 3, 7, 8] : 0.49775785207748413
[0, 1, 4, 5, 6] : 0.49798205494880676
[0, 1, 4, 6, 7] : 0.49798205494880676
[2, 3, 5, 7, 9] : 0.4982062876224518
[0, 1, 2, 6, 7] : 0.4984304904937744
[0, 2, 3, 4, 9] : 0.49865472316741943
[2, 3, 6, 7, 9] : 0.4991031289100647
[2, 4, 5, 6, 7] : 0.4993273615837097
[1, 2, 3, 5, 8] : 0.49955156445503235
[2, 4, 6, 7, 9] : 0.49955156445503235
[0, 1, 2, 6, 9] : 0.49977579712867737
[1, 2, 3, 6, 7] : 0.49977579712867737
[0, 1, 6, 8, 9] : 0.500224232673645
[1, 4, 5, 7, 9] : 0.500224232673645
[1, 3, 6, 7, 8] : 0.5004484057426453
[1, 2, 3, 4, 8] : 0.5008968710899353
[1, 4, 5, 6, 7] : 0.5008968710899353
[0, 1, 2, 3, 7] : 0.5013452768325806
[0, 3, 4, 7, 8] : 0.5015695095062256
[1, 2, 5, 8, 9] : 0.5020179152488708
[1, 4, 6, 7, 8] : 0.5024663805961609
[1, 3, 6, 7, 9] : 0.5029147863388062
[1, 3, 7, 8, 9] : 0.5029147863388062
[4, 5, 7, 8, 9] : 0.5029147863388062
[0, 2, 5, 7, 8] : 0.5033632516860962
[1, 5, 6, 8, 9] : 0.5035874247550964
[0, 5, 7, 8, 9] : 0.5040358901023865
[2, 4, 7, 8, 9] : 0.5040358901023865
[0, 1, 2, 3, 6] : 0.5042600631713867
[0, 1, 2, 4, 9] : 0.5047085285186768
[0, 3, 6, 7, 8] : 0.5067264437675476
[0, 1, 2, 8, 9] : 0.5071749091148376
[3, 4, 7, 8, 9] : 0.5071749091148376
[4, 5, 6, 8, 9] : 0.5073990821838379
[0, 1, 3, 5, 8] : 0.5078475475311279
[0, 4, 6, 7, 9] : 0.5078475475311279
[1, 3, 5, 8, 9] : 0.5078475475311279
[0, 1, 3, 5, 6] : 0.5080717206001282
[1, 2, 4, 5, 8] : 0.5080717206001282
[1, 2, 4, 5, 6] : 0.5085201859474182
[3, 5, 6, 7, 8] : 0.5085201859474182
[0, 4, 5, 6, 8] : 0.5087444186210632
[0, 3, 4, 5, 6] : 0.5091928243637085
[2, 3, 5, 6, 8] : 0.5109865665435791
[3, 4, 5, 6, 9] : 0.5136771202087402
[1, 2, 4, 7, 8] : 0.5154708623886108
[0, 3, 4, 5, 9] : 0.5156950950622559
[1, 2, 3, 7, 8] : 0.5156950950622559
[0, 3, 5, 7, 8] : 0.5161435008049011
[0, 1, 3, 4, 6] : 0.5168161392211914
[0, 1, 4, 7, 8] : 0.518161416053772
[0, 1, 5, 6, 9] : 0.518161416053772
[1, 2, 3, 5, 6] : 0.5233184099197388
[0, 1, 2, 5, 6] : 0.5291479825973511